# Starfox Arwing
# number of vertices, faces
18 24
# list of vertices
v
# fuselage
0 0 1.8
0 0.3 0
0.3 0 0
-0.3 0 0
0 0.2 -0.3
0 0.2 0
# left fin
-0.4 -0.3 0.6
-0.7 0.8 -1
-0.5 0 0
# right fin
0.4 -0.3 0.6
0.7 0.8 -1
0.5 0 0
# left wing
-1.7 -0.4 -1.4
-0.7 0 0
-0.5 -0.2 -0.1
# right wing
1.7 -0.4 -1.4
0.7 0 0
0.5 -0.2 -0.1
# list of faces, color, flashing, end color, speed (in frames)
f
# fuselage
0 2 1 0.7 0.7 0.7 0
1 3 0 0.7 0.7 0.7 0
3 2 0 0.7 0.7 0.7 0
1 2 4 0.7 0.7 0.7 0
4 3 1 0.7 0.7 0.7 0
2 4 5 0.7 0.7 0.7 0
4 3 5 0.7 0.7 0.7 0
5 2 3 1.0 0.0 0.0 1 1 1 0 12
# left fin
6 3 7 0.26 0.26 1 0
8 6 7 0.26 0.26 1 0
7 3 8 0.26 0.26 1 0
3 6 8 0.26 0.26 1 0
# right fin
2 9 10 0.26 0.26 1 0
9 11 10 0.26 0.26 1 0
2 11 10 0.26 0.26 1 0
2 9 11 0.26 0.26 1 0
# left wing
3 12 13 0.7 0.7 0.7 0
12 3 14 0.7 0.7 0.7 0
13 12 14 0.7 0.7 0.7 0
13 14 3 0 0 1 1 0.46 0.74 1 14
# right wing
16 15 2 0.7 0.7 0.7 0
2 15 17 0.7 0.7 0.7 0
16 17 15 0.7 0.7 0.7 0
2 17 16 0 0 1 1 0.46 0.74 1 14